8.4458981e+00 0.0000000e+00 2.0061394e-07 3.6684878e-04 2.2130772e-07 4.5244540e-04 1.8057195e-13 4.8886924e+01 2.2262519e-02 0.0000000e+00
8.5279865e+00 0.0000000e+00 2.0286892e-07 3.5034848e-04 2.2129866e-07 4.2416621e-04 1.6754690e-13 5.0043422e+01 1.9322046e-02 0.0000000e+00
8.6052141e+00 0.0000000e+00 2.0482580e-07 3.3535801e-04 2.2128961e-07 3.9937535e-04 1.5567777e-13 5.1094935e+01 1.6861867e-02 0.0000000e+00
8.6781247e+00 0.0000000e+00 2.0653295e-07 3.2167038e-04 2.2128058e-07 3.7745823e-04 1.4484603e-13 5.2045979e+01 1.4785306e-02 0.0000000e+00
8.7471753e+00 0.0000000e+00 2.0802936e-07 3.0911584e-04 2.2127154e-07 3.5793729e-04 1.3494357e-13 5.2900367e+01 1.3018747e-02 0.0000000e+00
8.8127543e+00 0.0000000e+00 2.0934679e-07 2.9755375e-04 2.2126255e-07 3.4043602e-04 1.2587352e-13 5.3661527e+01 1.1505412e-02 0.0000000e+00
8.8751941e+00 0.0000000e+00 2.1051126e-07 2.8686646e-04 2.2125357e-07 3.2465309e-04 1.1754917e-13 5.4332310e+01 1.0200830e-02 0.0000000e+00
8.9347814e+00 0.0000000e+00 2.1154427e-07 2.7695468e-04 2.2124461e-07 3.1034470e-04 1.0989369e-13 5.4915281e+01 9.0698395e-03 0.0000000e+00
8.9917657e+00 0.0000000e+00 2.1246370e-07 2.6773402e-04 2.2123565e-07 2.9731131e-04 1.0283898e-13 5.5412678e+01 8.0843198e-03 0.0000000e+00
9.0463648e+00 0.0000000e+00 2.1328452e-07 2.5913219e-04 2.2122670e-07 2.8538806e-04 9.6324895e-14 5.5826530e+01 7.2215829e-03 0.0000000e+00
9.0987705e+00 0.0000000e+00 2.1401931e-07 2.5108691e-04 2.2121777e-07 2.7443750e-04 9.0298190e-14 5.6158645e+01 6.4631519e-03 0.0000000e+00
9.1491521e+00 0.0000000e+00 2.1467876e-07 2.4354417e-04 2.2120881e-07 2.6434398e-04 8.4711573e-14 5.6410538e+01 5.7938375e-03 0.0000000e+00
9.1976602e+00 0.0000000e+00 2.1527194e-07 2.3645692e-04 2.2119990e-07 2.5500984e-04 7.9523652e-14 5.6583922e+01 5.2011510e-03 0.0000000e+00
9.2444292e+00 0.0000000e+00 2.1580660e-07 2.2978392e-04 2.2119099e-07 2.4635159e-04 7.4697246e-14 5.6680075e+01 4.6746348e-03 0.0000000e+00
9.2895795e+00 0.0000000e+00 2.1628944e-07 2.2348887e-04 2.2118209e-07 2.3829763e-04 7.0199393e-14 5.6700226e+01 4.2055407e-03 0.0000000e+00
9.3332194e+00 0.0000000e+00 2.1672620e-07 2.1753970e-04 2.2117320e-07 2.3078623e-04 6.6000823e-14 5.6645568e+01 3.7865067e-03 0.0000000e+00
9.3754467e+00 0.0000000e+00 2.1712186e-07 2.1190792e-04 2.2116432e-07 2.2376380e-04 6.2075398e-14 5.6517203e+01 3.4112912e-03 0.0000000e+00
9.4163499e+00 0.0000000e+00 2.1748078e-07 2.0656818e-04 2.2115544e-07 2.1718360e-04 5.8399670e-14 5.6316078e+01 3.0745717e-03 0.0000000e+00
9.4560096e+00 0.0000000e+00 2.1780674e-07 2.0149779e-04 2.2114657e-07 2.1100474e-04 5.4952828e-14 5.6043272e+01 2.7718120e-03 0.0000000e+00
9.4944992e+00 0.0000000e+00 2.1810306e-07 1.9667641e-04 2.2113767e-07 2.0519113e-04 5.1715784e-14 5.5699377e+01 2.4990724e-03 0.0000000e+00
9.5318857e+00 0.0000000e+00 2.1837266e-07 1.9208572e-04 2.2112882e-07 1.9971116e-04 4.8672240e-14 5.5285896e+01 2.2530356e-03 0.0000000e+00
9.5682306e+00 0.0000000e+00 2.1861811e-07 1.8770919e-04 2.2111996e-07 1.9453652e-04 4.5806723e-14 5.4803415e+01 2.0307504e-03 0.0000000e+00
9.6035904e+00 0.0000000e+00 2.1884168e-07 1.8353189e-04 2.2111111e-07 1.8964212e-04 4.3105528e-14 5.4252792e+01 1.8296738e-03 0.0000000e+00
9.6380171e+00 0.0000000e+00 2.1904540e-07 1.7954023e-04 2.2110227e-07 1.8500558e-04 4.0556320e-14 5.3634941e+01 1.6475904e-03 0.0000000e+00
9.6715586e+00 0.0000000e+00 2.1923105e-07 1.7572187e-04 2.2109343e-07 1.8060681e-04 3.8147817e-14 5.2950617e+01 1.4825493e-03 0.0000000e+00
9.7042594e+00 0.0000000e+00 2.1940025e-07 1.7206555e-04 2.2108460e-07 1.7642779e-04 3.5869960e-14 5.2200821e+01 1.3328509e-03 0.0000000e+00
9.7361605e+00 0.0000000e+00 2.1955441e-07 1.6856099e-04 2.2107577e-07 1.7245228e-04 3.3713523e-14 5.1386436e+01 1.1969883e-03 0.0000000e+00
9.7673001e+00 0.0000000e+00 2.1969482e-07 1.6519877e-04 2.2106694e-07 1.6866563e-04 3.1670175e-14 5.0508464e+01 1.0736339e-03 0.0000000e+00
9.7977138e+00 0.0000000e+00 2.1982263e-07 1.6197024e-04 2.2105812e-07 1.6505450e-04 2.9732247e-14 4.9567801e+01 9.6160456e-04 0.0000000e+00
9.8274346e+00 0.0000000e+00 2.1993888e-07 1.5886745e-04 2.2104931e-07 1.6160687e-04 2.7892855e-14 4.8565566e+01 8.5985489e-04 0.0000000e+00
9.8564934e+00 0.0000000e+00 2.2004449e-07 1.5588309e-04 2.2104049e-07 1.5831173e-04 2.6145716e-14 4.7502935e+01 7.6745289e-04 0.0000000e+00
9.8849191e+00 0.0000000e+00 2.2014032e-07 1.5301039e-04 2.2103168e-07 1.5515908e-04 2.4485121e-14 4.6381208e+01 6.8356621e-04 0.0000000e+00
9.9127386e+00 0.0000000e+00 2.2022712e-07 1.5024311e-04 2.2102287e-07 1.5213976e-04 2.2905796e-14 4.5201657e+01 6.0744565e-04 0.0000000e+00
9.9399772e+00 0.0000000e+00 2.2030559e-07 1.4757548e-04 2.2101407e-07 1.4924540e-04 2.1403161e-14 4.3966149e+01 5.3842992e-04 0.0000000e+00
9.9666587e+00 0.0000000e+00 2.2037636e-07 1.4500211e-04 2.2100528e-07 1.4646832e-04 1.9972935e-14 4.2676481e+01 4.7591696e-04 0.0000000e+00
9.9928055e+00 0.0000000e+00 2.2044000e-07 1.4251805e-04 2.2099648e-07 1.4380142e-04 1.8611169e-14 4.1334529e+01 4.1936050e-04 0.0000000e+00
1.0018439e+01 0.0000000e+00 2.2049703e-07 1.4011866e-04 2.2098769e-07 1.4123822e-04 1.7314522e-14 3.9942934e+01 3.6827650e-04 0.0000000e+00
1.0043578e+01 0.0000000e+00 2.2054792e-07 1.3779963e-04 2.2097890e-07 1.3877269e-04 1.6079967e-14 3.8504610e+01 3.2222352e-04 0.0000000e+00
1.0068242e+01 0.0000000e+00 2.2059312e-07 1.3555693e-04 2.2097011e-07 1.3639931e-04 1.4904872e-14 3.7023031e+01 2.8080195e-04 0.0000000e+00
1.0092448e+01 0.0000000e+00 2.2063302e-07 1.3338682e-04 2.2096133e-07 1.3411293e-04 1.3787033e-14 3.5502438e+01 2.4364981e-04 0.0000000e+00
1.0116213e+01 0.0000000e+00 2.2066799e-07 1.3128578e-04 2.2095256e-07 1.3190880e-04 1.2724717e-14 3.3948115e+01 2.1043926e-04 0.0000000e+00
1.0139553e+01 0.0000000e+00 2.2069836e-07 1.2925053e-04 2.2094378e-07 1.2978249e-04 1.1716503e-14 3.2366135e+01 1.8086712e-04 0.0000000e+00
1.0162483e+01 0.0000000e+00 2.2072444e-07 1.2727800e-04 2.2093501e-07 1.2772992e-04 1.0761712e-14 3.0764712e+01 1.5466347e-04 0.0000000e+00
1.0185017e+01 0.0000000e+00 2.2074652e-07 1.2536530e-04 2.2092624e-07 1.2574727e-04 9.8601364e-15 2.9153732e+01 1.3157756e-04 0.0000000e+00
1.0207168e+01 0.0000000e+00 2.2076486e-07 1.2350972e-04 2.2091747e-07 1.2383096e-04 9.0124082e-15 2.7546120e+01 1.1138318e-04 0.0000000e+00
1.0228949e+01 0.0000000e+00 2.2077969e-07 1.2170871e-04 2.2090871e-07 1.2197770e-04 8.2199482e-15 2.5958087e+01 9.3870780e-05 0.0000000e+00
1.0250373e+01 0.0000000e+00 2.2079125e-07 1.1995988e-04 2.2089995e-07 1.2018437e-04 7.4853209e-15 2.4410717e+01 7.8849938e-05 0.0000000e+00
1.0271451e+01 0.0000000e+00 2.2079975e-07 1.1826096e-04 2.2089119e-07 1.1844807e-04 6.8123752e-15 2.2931062e+01 6.6145540e-05 0.0000000e+00
1.0292193e+01 0.0000000e+00 2.2080536e-07 1.1660984e-04 2.2088244e-07 1.1676611e-04 6.2064319e-15 2.1553523e+01 5.5596430e-05 0.0000000e+00
1.0312611e+01 0.0000000e+00 2.2080827e-07 1.1500451e-04 2.2087369e-07 1.1513592e-04 5.6744232e-15 2.0321220e+01 4.7054733e-05 0.0000000e+00
1.0332714e+01 0.0000000e+00 2.2080864e-07 1.1344306e-04 2.2086494e-07 1.1355513e-04 5.2246452e-15 1.9286058e+01 4.0383998e-05 0.0000000e+00
