4.85915067e+00 2.68150160e-05 2.03848832e-08 1.78600000e-03 3.07269313e-08 2.31549721e-03 3.36286193e-14 2.32290128e+00
4.97612850e+00 4.16863071e-05 2.31316762e-08 1.71900000e-03 3.61258192e-08 2.28811268e-03 4.15323105e-14 2.77256556e+00
5.09310634e+00 6.47242467e-05 2.62037472e-08 1.65200000e-03 4.00907295e-08 2.17262968e-03 4.72766296e-14 3.05878641e+00
5.21008417e+00 1.00349750e-04 2.96299420e-08 1.58600000e-03 4.45775417e-08 2.06637043e-03 5.39432904e-14 3.39214346e+00
5.32706201e+00 1.55327774e-04 3.34362598e-08 1.52100000e-03 5.06172864e-08 1.99495688e-03 6.35124554e-14 3.89373909e+00
5.44403984e+00 2.39975000e-04 3.76470139e-08 1.45800000e-03 5.62493172e-08 1.89977461e-03 7.24204160e-14 4.34280071e+00
5.56101768e+00 3.69968136e-04 4.22792094e-08 1.39500000e-03 6.26833133e-08 1.81213388e-03 8.29774412e-14 4.88579433e+00
5.67799552e+00 5.69031746e-04 4.73483016e-08 1.33400000e-03 6.98999149e-08 1.73215153e-03 9.51619922e-14 5.52417939e+00
5.79497335e+00 8.72914623e-04 5.28599561e-08 1.27500000e-03 7.75468334e-08 1.65280233e-03 1.08258325e-13 6.22379677e+00
5.91195119e+00 1.33524197e-03 5.88104757e-08 1.21800000e-03 8.58014693e-08 1.57758596e-03 1.22630325e-13 7.01689993e+00
6.02892902e+00 2.03610227e-03 6.51848448e-08 1.16200000e-03 9.44610388e-08 1.50235464e-03 1.37852714e-13 7.89400244e+00
6.14590686e+00 3.09456251e-03 7.19580461e-08 1.10800000e-03 1.03562930e-07 1.43025929e-03 1.53910959e-13 8.87244960e+00
6.26288469e+00 4.68683318e-03 7.90923317e-08 1.05600000e-03 1.12967328e-07 1.36066598e-03 1.70404147e-13 9.95148798e+00
6.37986253e+00 7.07255446e-03 8.65376852e-08 1.00500000e-03 1.22704669e-07 1.29281302e-03 1.87407765e-13 1.11620772e+01
6.49684036e+00 1.06328000e-02 9.42345683e-08 9.56000000e-04 1.32594186e-07 1.22782070e-03 2.04323672e-13 1.24988921e+01
6.61381820e+00 1.59248806e-02 1.02114413e-07 9.09000000e-04 1.42483593e-07 1.16548185e-03 2.20662832e-13 1.39648842e+01
6.73079604e+00 2.37610585e-02 1.10102250e-07 8.63000000e-04 1.52405480e-07 1.10481687e-03 2.36525604e-13 1.56023104e+01
6.84777387e+00 3.53216280e-02 1.18120913e-07 8.20000000e-04 1.61908096e-07 1.04780590e-03 2.50424933e-13 1.73490732e+01
6.96475171e+00 5.23173522e-02 1.26091094e-07 7.77000000e-04 1.71426492e-07 9.91512644e-04 2.63816093e-13 1.93421166e+01
7.08172954e+00 7.72231279e-02 1.33938050e-07 7.36000000e-04 1.80489765e-07 9.37840121e-04 2.75176325e-13 2.15135084e+01
7.19870738e+00 1.13612475e-01 1.41591675e-07 6.97000000e-04 1.88990533e-07 8.86814742e-04 2.84194349e-13 2.38707805e+01
7.31568521e+00 1.66636979e-01 1.48988973e-07 6.59000000e-04 1.97091511e-07 8.37402656e-04 2.91495658e-13 2.64987541e+01
7.43266305e+00 2.43713449e-01 1.56076157e-07 6.23000000e-04 2.04486280e-07 7.90616125e-04 2.96140506e-13 2.93450905e+01
7.54964088e+00 3.55511246e-01 1.62808762e-07 5.88000000e-04 2.11397814e-07 7.45381536e-04 2.99002647e-13 3.25206731e+01
7.66661872e+00 5.17365800e-01 1.69152965e-07 5.55000000e-04 2.17515738e-07 7.02745640e-04 2.99153703e-13 3.59510557e+01
7.78359655e+00 7.51301300e-01 1.75084472e-07 5.23000000e-04 2.23123277e-07 6.61611016e-04 2.97693172e-13 3.97816485e+01
7.90057439e+00 1.08892751e+00 1.80588538e-07 4.92000000e-04 2.28241524e-07 6.21942574e-04 2.94819353e-13 4.40756376e+01
8.01755223e+00 1.57559475e+00 1.85658994e-07 4.63000000e-04 2.32534801e-07 5.84821165e-04 2.89552743e-13 4.87073834e+01
8.13453006e+00 2.27635086e+00 1.90297127e-07 4.35000000e-04 2.36365654e-07 5.49120187e-04 2.83222486e-13 5.38989015e+01
8.25150790e+00 3.28445440e+00 1.94510844e-07 4.09000000e-04 2.39378851e-07 5.15951586e-04 2.74792845e-13 5.94656227e+01
8.36848573e+00 4.73356348e+00 1.98313107e-07 3.83000000e-04 2.42374048e-07 4.83008561e-04 2.66956774e-13 6.60082936e+01
8.48546357e+00 6.81519204e+00 2.01721293e-07 3.59000000e-04 2.44597637e-07 4.52567043e-04 2.57371878e-13 7.30412347e+01
8.60244140e+00 9.80376169e+00 2.04755749e-07 3.36000000e-04 2.46475763e-07 4.23459674e-04 2.47475601e-13 8.09489412e+01
8.71941924e+00 1.40923998e+01 2.07439089e-07 3.14000000e-04 2.48039997e-07 3.95665921e-04 2.37421100e-13 8.98597978e+01
8.83639707e+00 2.02441661e+01 2.09795358e-07 2.94000000e-04 2.48867522e-07 3.70368797e-04 2.25956494e-13 9.93138240e+01
8.95337491e+00 2.90653699e+01 2.11849057e-07 2.74000000e-04 2.49893210e-07 3.45170160e-04 2.15932208e-13 1.10584250e+02
9.07035275e+00 4.17107501e+01 2.13624763e-07 2.56000000e-04 2.50196298e-07 3.22458689e-04 2.04640271e-13 1.22488482e+02
9.18733058e+00 5.98339740e+01 2.15146551e-07 2.38000000e-04 2.50775196e-07 2.99810529e-04 1.94960569e-13 1.36775434e+02
9.30430842e+00 8.58027972e+01 2.16437653e-07 2.22000000e-04 2.50630866e-07 2.79650271e-04 1.84062559e-13 1.51743159e+02
9.42128625e+00 1.23006994e+02 2.17520120e-07 2.06000000e-04 2.50821688e-07 2.59528428e-04 1.74855988e-13 1.69798000e+02
9.53826409e+00 1.76299604e+02 2.18414544e-07 1.92000000e-04 2.50265840e-07 2.41901831e-04 1.64401823e-13 1.88451515e+02
9.65524192e+00 2.52629420e+02 2.19139928e-07 1.78000000e-04 2.50078302e-07 2.24295409e-04 1.55636461e-13 2.11004660e+02
9.77221976e+00 3.61944561e+02 2.19713736e-07 1.65000000e-04 2.49698041e-07 2.07942727e-04 1.47048790e-13 2.36208732e+02
9.88919759e+00 5.18485656e+02 2.20151748e-07 1.53000000e-04 2.49111061e-07 1.92845393e-04 1.38585397e-13 2.64178165e+02
1.00061754e+01 7.42637003e+02 2.20468061e-07 1.42000000e-04 2.48298845e-07 1.79005743e-04 1.30183654e-13 2.94918636e+02
1.01231533e+01 1.06358254e+03 2.20675096e-07 1.31000000e-04 2.47905710e-07 1.65157185e-04 1.23346973e-13 3.32506041e+02
1.02401311e+01 1.52310141e+03 2.20783756e-07 1.21000000e-04 2.47270302e-07 1.52560629e-04 1.16451442e-13 3.73976105e+02
1.03571089e+01 2.18099769e+03 2.20803483e-07 1.12000000e-04 2.46333312e-07 1.41215939e-04 1.09393532e-13 4.18957675e+02
1.04740868e+01 3.12287026e+03 2.20742309e-07 1.04000000e-04 2.45048115e-07 1.31125351e-04 1.02078160e-13 4.66655095e+02
1.05910646e+01 4.47125532e+03 2.20606908e-07 9.60000000e-05 2.44149001e-07 1.21000339e-04 9.60545283e-14 5.24602435e+02
