1.03240062e+01 1.97030766e+03 2.20804290e-07 1.13808268e-04 2.20804466e-07 1.13808615e-04 2.90853870e-16 1.05968820e+00 3.63366030e-22 3.87026763e+02 2.46469063e-10 -9.93140583e-01 2.10738395e-02
1.03277970e+01 1.99336444e+03 2.20804294e-07 1.13574210e-04 2.20804506e-07 1.13574629e-04 3.18915058e-16 1.16858363e+00 4.35387367e-22 3.88223422e+02 2.93852860e-10 -9.91637214e-01 2.52507099e-02
1.03260659e+01 1.98280194e+03 2.20804304e-07 1.13690200e-04 2.20804559e-07 1.13690703e-04 3.49683409e-16 1.27798719e+00 5.25269275e-22 3.87629054e+02 3.68423638e-10 -9.89982620e-01 3.04636050e-02
1.03247020e+01 1.97451938e+03 2.20804303e-07 1.13806190e-04 2.20804608e-07 1.13806795e-04 3.83420233e-16 1.39840710e+00 6.31331018e-22 3.87036110e+02 4.31083661e-10 -9.88035566e-01 3.66147694e-02
1.03236274e+01 1.96801809e+03 2.20804296e-07 1.13922180e-04 2.20804663e-07 1.13922908e-04 4.20411922e-16 1.53084122e+00 7.59473051e-22 3.86444570e+02 5.14503514e-10 -9.85673848e-01 4.40465456e-02
1.03275023e+01 1.99156260e+03 2.20804294e-07 1.13574210e-04 2.20804738e-07 1.13575084e-04 4.60972511e-16 1.68836726e+00 9.10593794e-22 3.88221192e+02 6.24667039e-10 -9.82514632e-01 5.28108217e-02
1.03258337e+01 1.98138969e+03 2.20804302e-07 1.13690200e-04 2.20804834e-07 1.13691250e-04 5.05446309e-16 1.84660732e+00 1.09645679e-21 3.87626392e+02 7.53467781e-10 -9.79100978e-01 6.35902333e-02
1.03245190e+01 1.97341126e+03 2.20804300e-07 1.13806190e-04 2.20804939e-07 1.13807452e-04 5.54210855e-16 2.02075616e+00 1.31772512e-21 3.87032930e+02 8.79730205e-10 -9.75038022e-01 7.64229087e-02
1.03281958e+01 1.99580616e+03 2.20804291e-07 1.13574210e-04 2.20805062e-07 1.13575733e-04 6.07680112e-16 2.22802931e+00 1.58188889e-21 3.88218052e+02 1.08809570e-09 -9.69518330e-01 9.17432408e-02
1.03263801e+01 1.98471527e+03 2.20804306e-07 1.13690200e-04 2.20805231e-07 1.13692029e-04 6.66307996e-16 2.43630803e+00 1.90475712e-21 3.87622651e+02 1.31153116e-09 -9.63591670e-01 1.10468465e-01
1.03249496e+01 1.97602041e+03 2.20804306e-07 1.13806190e-04 2.20805417e-07 1.13808388e-04 7.30592189e-16 2.66560427e+00 2.29186841e-21 3.87028458e+02 1.56525948e-09 -9.56476037e-01 1.32919520e-01
1.03238224e+01 1.96919673e+03 2.20804299e-07 1.13922180e-04 2.20805634e-07 1.13924824e-04 8.01078401e-16 2.91781547e+00 2.75807249e-21 3.86435411e+02 1.88354427e-09 -9.47882821e-01 1.59957732e-01
1.03276540e+01 1.99249022e+03 2.20804294e-07 1.13574210e-04 2.20805903e-07 1.13577388e-04 8.78365009e-16 3.21785329e+00 3.30980727e-21 3.88210121e+02 2.32342531e-09 -9.36345696e-01 1.91955894e-01
1.03259533e+01 1.98211677e+03 2.20804303e-07 1.13690200e-04 2.20806236e-07 1.13694014e-04 9.63108084e-16 3.51927168e+00 3.97791446e-21 3.87613176e+02 2.69935868e-09 -9.24114713e-01 2.30703390e-01
1.03246132e+01 1.97398179e+03 2.20804301e-07 1.13806190e-04 2.20806622e-07 1.13810779e-04 1.05602701e-15 3.85101805e+00 4.79421206e-21 3.87017096e+02 3.33660112e-09 -9.09054926e-01 2.78046165e-01
1.03282691e+01 1.99625492e+03 2.20804291e-07 1.13574210e-04 2.20807089e-07 1.13579743e-04 1.15791058e-15 4.24589114e+00 5.74873120e-21 3.88198897e+02 4.02709167e-09 -8.89132164e-01 3.33403784e-01
1.03264378e+01 1.98506687e+03 2.20804306e-07 1.13690200e-04 2.20807665e-07 1.13696838e-04 1.26962371e-15 4.64269308e+00 6.91034357e-21 3.87599781e+02 4.68598453e-09 -8.67883311e-01 4.00772575e-01
1.03249950e+01 1.97629621e+03 2.20804307e-07 1.13806190e-04 2.20808341e-07 1.13814166e-04 1.39211472e-15 5.07955233e+00 8.30965280e-21 3.87001099e+02 5.52242756e-09 -8.42216098e-01 4.81927067e-01
1.03238583e+01 1.96941327e+03 2.20804300e-07 1.13922180e-04 2.20809146e-07 1.13931782e-04 1.52642342e-15 5.56008297e+00 1.00137487e-20 3.86402597e+02 6.83278412e-09 -8.10759930e-01 5.80759383e-01
1.03276819e+01 1.99266064e+03 2.20804294e-07 1.13574210e-04 2.20810137e-07 1.13585746e-04 1.67369002e-15 6.13175056e+00 1.20072859e-20 3.88170452e+02 8.29827071e-09 -7.69115674e-01 6.96375075e-01
1.03259752e+01 1.98225034e+03 2.20804303e-07 1.13690200e-04 2.20811319e-07 1.13704051e-04 1.83516462e-15 6.70605583e+00 1.44460883e-20 3.87565723e+02 9.84863852e-09 -7.24397576e-01 8.37816486e-01
1.03246305e+01 1.97408659e+03 2.20804301e-07 1.13806190e-04 2.20812728e-07 1.13822845e-04 2.01221799e-15 7.33815490e+00 1.73892754e-20 3.86960261e+02 1.18707151e-08 -6.70235014e-01 1.00851113e+00
1.03282825e+01 1.99633735e+03 2.20804290e-07 1.13574210e-04 2.20814450e-07 1.13594286e-04 2.20635313e-15 8.09054286e+00 2.08359285e-20 3.88130104e+02 1.41178702e-08 -5.98333146e-01 1.20839962e+00
1.03264484e+01 1.98513145e+03 2.20804306e-07 1.13690200e-04 2.20816503e-07 1.13714302e-04 2.41921811e-15 8.84661062e+00 2.50865998e-20 3.87517469e+02 1.69744649e-08 -5.20380742e-01 1.45492329e+00
1.03296965e+01 2.00501920e+03 2.20804262e-07 1.13458220e-04 2.20818962e-07 1.13487253e-04 2.65261990e-15 9.74772875e+00 3.01042526e-20 3.88682986e+02 2.07202603e-08 -4.15828116e-01 1.74592483e+00
1.03275624e+01 1.99193019e+03 2.20804294e-07 1.13574210e-04 2.20821939e-07 1.13609028e-04 2.90853991e-15 1.06538428e+01 3.62459678e-20 3.88060665e+02 2.47892031e-08 -3.03471809e-01 2.10212178e+00
1.03305629e+01 2.01035802e+03 2.20804234e-07 1.13342230e-04 2.20825495e-07 1.13384137e-04 3.18915059e-15 1.17346690e+01 4.35035631e-20 3.89218715e+02 3.02469387e-08 -1.52456017e-01 2.52303095e+00
1.03282451e+01 1.99610791e+03 2.20804291e-07 1.13574210e-04 2.20829809e-07 1.13624655e-04 3.49683405e-15 1.28219225e+01 5.23929087e-20 3.87987122e+02 3.61992228e-08 1.00594832e-02 3.03858028e+00
1.03310939e+01 2.01363665e+03 2.20804222e-07 1.13342230e-04 2.20834967e-07 1.13402914e-04 3.83420230e-15 1.41194718e+01 6.28771902e-20 3.89129958e+02 4.40046575e-08 2.28057180e-01 3.64662338e+00
1.03286634e+01 1.99867233e+03 2.20804274e-07 1.13458220e-04 2.20841168e-07 1.13530912e-04 4.20411929e-15 1.54250712e+01 7.56798555e-20 3.88477273e+02 5.20752154e-08 4.61594104e-01 4.38912841e+00
1.03314192e+01 2.01564841e+03 2.20804213e-07 1.13342230e-04 2.20848665e-07 1.13430022e-04 4.60972504e-15 1.69836672e+01 9.08366202e-20 3.89002002e+02 6.32067553e-08 7.76579909e-01 5.26815516e+00
1.03335627e+01 2.02895160e+03 2.20804119e-07 1.13110250e-04 2.20857646e-07 1.13215567e-04 5.05446307e-15 1.86825086e+01 1.08931616e-19 3.90115424e+02 7.48143945e-08 1.15062331e+00 6.31758244e+00
1.03352298e+01 2.03935917e+03 2.20804033e-07 1.12994260e-04 2.20868469e-07 1.13121078e-04 5.54210853e-15 2.05365255e+01 1.30986232e-19 3.90613546e+02 9.28085006e-08 1.60687810e+00 7.59666897e+00
1.03365264e+01 2.04749083e+03 2.20803952e-07 1.12878270e-04 2.20881496e-07 1.13030616e-04 6.07680119e-15 2.25619293e+01 1.57113830e-19 3.91093729e+02 1.08609319e-07 2.14394390e+00 9.11195094e+00
1.03375349e+01 2.05383784e+03 2.20803878e-07 1.12765402e-04 2.20897176e-07 1.12948411e-04 6.66307725e-15 2.47763126e+01 1.88832045e-19 3.91534252e+02 1.31945356e-07 2.79631048e+00 1.09514831e+01
1.03383193e+01 2.05878801e+03 2.20803828e-07 1.12762280e-04 2.20916068e-07 1.12982896e-04 7.30592191e-15 2.71988494e+01 2.27066688e-19 3.91371299e+02 1.61233805e-07 3.58262762e+00 1.31689469e+01
1.03435025e+01 2.09180017e+03 2.20803359e-07 1.12414310e-04 2.20938836e-07 1.12680327e-04 8.01078400e-15 3.00570290e+01 2.71660017e-19 3.92968459e+02 1.90601558e-07 4.61099617e+00 1.57551970e+01
1.03474816e+01 2.11750137e+03 2.20802883e-07 1.12066340e-04 2.20966249e-07 1.12386179e-04 8.78365006e-15 3.31553312e+01 3.25992164e-19 3.94536148e+02 2.35698412e-07 5.85766655e+00 1.89063288e+01
1.03505362e+01 2.13744554e+03 2.20802457e-07 1.11834360e-04 2.20999321e-07 1.12219230e-04 9.63108077e-15 3.65220564e+01 3.90973241e-19 3.95445880e+02 2.83349520e-07 7.33859859e+00 2.26750606e+01
1.03573310e+01 2.18248540e+03 2.20801302e-07 1.11259040e-04 2.21039196e-07 1.11721551e-04 1.05602659e-14 4.04584355e+01 4.67345640e-19 3.98126372e+02 3.38783670e-07 9.27528188e+00 2.71046449e+01
1.03624785e+01 2.21723697e+03 2.20800256e-07 1.10906440e-04 2.21087395e-07 1.11464428e-04 1.15791059e-14 4.47079019e+01 5.60408587e-19 3.99547536e+02 4.19883463e-07 1.16163776e+01 3.25023862e+01
1.03707073e+01 2.27394286e+03 2.20798258e-07 1.10326490e-04 2.21145646e-07 1.10999738e-04 1.26962371e-14 4.96342250e+01 6.68962842e-19 4.02111259e+02 4.98478001e-07 1.46262885e+01 3.87990304e+01
1.03811042e+01 2.34766649e+03 2.20795158e-07 1.09514560e-04 2.21216111e-07 1.10325896e-04 1.39211472e-14 5.52844637e+01 7.98910238e-19 4.05864513e+02 6.20233927e-07 1.85654792e+01 4.63374322e+01
1.03887706e+01 2.40355436e+03 2.20792473e-07 1.08934610e-04 2.21301522e-07 1.09911427e-04 1.52642344e-14 6.13246876e+01 9.53728157e-19 4.08240122e+02 7.31221815e-07 2.31721534e+01 5.53185810e+01
1.04066143e+01 2.53883913e+03 2.20784920e-07 1.07658720e-04 2.21405312e-07 1.08842094e-04 1.67369001e-14 6.90803411e+01 1.13293816e-18 4.14366905e+02 9.21300190e-07 3.01418480e+01 6.57190642e+01
1.04269977e+01 2.70271680e+03 2.20774070e-07 1.06150850e-04 2.21531605e-07 1.07580784e-04 1.83516460e-14 7.81182910e+01 1.34031730e-18 4.21794183e+02 1.11191764e-06 3.93939131e+01 7.77586798e+01
1.04446759e+01 2.85338238e+03 2.20762776e-07 1.04874960e-04 2.21685894e-07 1.06604196e-04 2.01221797e-14 8.79796327e+01 1.59209449e-18 4.27750654e+02 1.39754780e-06 5.10012765e+01 9.23784598e+01
1.04776332e+01 3.15704080e+03 2.20737113e-07 1.02452615e-04 2.21875171e-07 1.04545748e-04 2.20635233e-14 1.01411092e+02 1.86790830e-18 4.40631675e+02 1.75487291e-06 6.98480080e+01 1.08416765e+02
1.05169360e+01 3.56167659e+03 2.20698864e-07 9.97714000e-05 2.22108975e-07 1.02323005e-04 2.41921811e-14 1.18033507e+02 2.18126173e-18 4.55304057e+02 2.21095105e-06 9.78895219e+01 1.26665748e+02
1.05664607e+01 4.14616733e+03 2.20639112e-07 9.64076900e-05 2.22400139e-07 9.95188691e-05 2.65261991e-14 1.39547685e+02 2.52742821e-18 4.74990228e+02 2.81827208e-06 1.42507661e+02 1.46880116e+02
1.06411526e+01 5.21396798e+03 2.20525485e-07 9.15361100e-05 2.22768165e-07 9.53591094e-05 2.90853990e-14 1.71466591e+02 2.87750535e-18 5.06820762e+02 3.80178974e-06 2.28607663e+02 1.67471317e+02
